@^C0DE5!#$
963303
186
587698
445615
944545
924370
772038
962453
87
103245
855825
909937
188
653788
602346
84010
267959
149780
790839
99703
508424
39218
974850
22708
351460
7
671217
595460
30949
969454
203954
389544
31727
565780
188053
57
962130
822720
138019
411833
393141
910
226668
868959
522322
813596
1281
138750
904446
448182
5257
362447
4
873397
866022
967367
24402
196876
370117
578154
85511
365623
878432
5844
440987
239970
468432
734974
655973
609075
641069
26
453443
418308
964815
620284
257566
13874
557057
814885
4773
608017
647483
737095
767512
557386
324714
765054
693117
946951
98596
249307
747481
69
728958
144517
873939
960681
8131
994549
824503
241359
3497
278312
51579
174783
302220
66716
361763
224674
394111
84800
115779
333087
273966
80
136089
111963
500011
765800
879300
8574
2231
13040
54
412746
49699
811105
317046
99712
545435
792069
843839
942530
5929
84760
211174
174307
7875
826005
389402
181465
127782
187515
955253
92095
769644
852050
971147
6352
549866
355447
343830
673641
94
938301
660797
647851
44890
722039
576702
252522
4754
151669
898463
673042
703871
835722
454368
932795
244612
998
293428
430765
832334
8437
588094
809456
588373
447941
875171
667334
103705
280565
642652
42
132084
489594
363701
416770
401969
621010
421
19764
733262
511097
64082
71435
983027
846477
448526
630910
5080
688578
37818
720751
296526
134269
869567
910694
802002
705996
94160
391166
293257
732802
688331
7760
54355
690255
122845
16817
98191
954969
383072
515092
740427
236794
786837
72919
425933
232
114043
196785
220312
706477
493252
567539
230691
978
882787
971145
75365
395817
306351
598844
243408
654277
204329
984787
263208
9815
327712
499013
925549
84
432075
868611
596539
119316
135828
108727
157
467839
591194
304637
197723
83108
66988
621571
889008
471476
244137
376427
975056
4027
696653
596541
88
691856
640123
294943
225157
26069
1253
983331
305299
29
325381
999103
917729
852431
30437
908433
963341
91761
138996
18198
694940
846873
89058
31835
969417
8536
910385
279623
495052
416814
554008
658781
869149
190
291419
150614
748853
209553
256370
499152
607175
651852
493064
88
341654
546804
424603
16474
55400
800222
471781
768394
913985
673433
789137
751806
830503
754662
9898
771497
161903
750942
818423
223855
418505
287788
34872
652996
911268
46830
313148
897552
851532
290296
799626
234150
425735
574535
294
194662
664431
7927
541090
554325
305849
212993
599335
518921
10
578026
734856
132611
441261
554350
428719
928352
73213
380
525911
242250
840971
307964
9653
517404
993467
833447
326813
965088
714398
345774
19111
651422
849687
116001
805171
194926
123141
894551
739956
410367
818928
786234
833678
686777
286882
765552
173528
574329
987482
157787
205856
359535
706015
345953
248095
617822
255351
118256
572037
408856
358076
584662
807217
34803
380912
483362
982201
788792
174890
454528
614760
528562
523089
787755
766033
971852
40985
83953
1670
84017
504
178574
983323
93714
313265
31963
846254
5062
740180
57116
16742
771143
367529
103
953287
9497
77077
222791
896
138226
6271
381736
481564
569936
191109
6371
47731
906448
61410
80086
680553
21251
368825
95688
918113
779633
10631
364262
970150
4085
629329
344985
2864
425612
895332
347395
924734
606970
243953
705031
397752
945804
446145
814351
406637
419710
702310
931248
336747
754295
73091
175431
852599
358009
825969
847349
49284
243405
142894
385046
658328
609211
754710
329305
919422
441074
963781
635188
800803
748322
737306
499
806286
364837
616068
731971
408102
654952
260779
35682
830222
466472
871521
851854
978114
308935
640747
135900
935686
634389
716436
746386
134325
841347
411193
306569
854760
290564
917752
862662
794038
702675
175434
143250
983050
744197
219010
59913
646183
845762
51183
108109
303233
347704
478203
68410
920577
988157
562756
606280
209131
878433
540836
796864
684791
15386
988304
857195
522978
170575
864981
560397
4736
557890
518407
589073
569441
206051
229304
41636
460376
506985
220790
980823
206070
806263
126489
394233
366712
979203
205433
545803
965241
344608
73431
967501
547577
108650
512832
270881
739989
258450
535880
127148
326226
263989
899215
420625
395907
529058
287741
293776
464286
846100
158571
380400
910566
181233
512142
944593
36649
746240
893743
962164
921701
554811
438119
809498
942854
900427
641629
590171
831793
558482
99926
716331
247773
688560
919862
36756
197656
989181
431938
674776
278080
9944
694619
651285
850660
788144
270315
519246
544954
406886
944545
18343
121442
431727
292148
503356
461118
757559
695156
490733
359833
597915
770250
502416
461633
559845
812212
164013
137899
706508
814047
318778
980160
497218
42614
318818
777441
360666
679509
299674
909136
145113
753262
789944
820742
660655
765217
746930
642306
352617
173258
448511
51560
496376
658831
810532
80347
407256
630840
345239
175592
232500
762814
589702
492217
280916
260074
98238
291405
959119
861724
436715
610917
140993
311652
563707
603059
893006
547650
859621
791143
179122
590378
2855
403986
417538
612178
577838
591552
867717
176686
398077
181951
971201
256139
240109
98694
549478
689320
205098
790881
777944
730726
415234
257844
425991
664896
327538
420153
894750
48476
976590
37793
415392
296334
357348
979069
973758
262064
809055
503513
67336
821865
541472
1756
338430
483654
249218
232262
277221
193863
891014
469400
48762
960187
827239
357953
717118
562000
940339
662295
341047
900406
767811
136510
993858
648029
98989
585619
977354
903481
226875
950234
993094
70267
207681
152444
25124
721895
932829
546037
56664
332751
543012
984532
652601
172372
788240
114889
64058
135368
815455
645271
187811
88347
498045
748854
589301
359782
792780
728792
345612
504806
886639
73801
234665
880558
460311
351648
897560
7959
69171
73575
551934
697933
673436
891601
129356
706626
551801
98651
966634
616494
350956
407157
998627
672589
19852
364422
700359
358442
661935
363169
39499
14868
522094
451217
158338
941033
871921
381074
380835
986611
193252
64542
73300
998016
311886
396258
267698
238219
939458
189505
598418
990919
320203
989786
726499
116022
357720
252148
486468
68142
226435
775263
503337
594565
18185
749479
577748
503763
142111
673108
181625
952332
642666
964778
412517
36478
708488
717883
915240
545506
543087
694568
44848
400404
186884
873253
12361
197633
354420
902363
846004
248794
132736
778123
474480
979697
36844
580681
541180
917532
392547
648641
182712
389720
325169
751269
211181
52515
131504
342496
739138
472789
440289
27847
12226
883135
120670
934261
328749
928932
822381
375415
19366
874809
620169
278451
215152
624952
839412
702408
582323
553868
931362
624731
74272
893669
742496
992747
219294
572718
387129
908850
57728
751286
101130
441303
855455
390843
679144
771065
558851
236163
175682
142098
555008
371686
917061
535593
812822
479726
132478
31095
57431
451841
627283
